08-25 14:20:40.806   1904   D   removeFromIndex:{"buildingTime":"0","1":"[282,281,279,278,277,275,273,272,271,270]","2":"[258,253,252,251,192,189]","indexSize":"16","pageSize":"10","indexName":"catList:139_0_parentDefault"}
08-25 14:20:40.828   1904   D   removeFromIndex:{"buildingTime":"0","1":"[281,279,278,277,275,273,272,271,270,258]","2":"[253,252,251,192,189]","indexSize":"15","pageSize":"10","indexName":"catList:139_0_parentDefault"}
08-25 14:20:40.829   1904   D   removeFromIndex:{"buildingTime":"0","1":"[275,271,192,251,272,189,282,273,270,278]","2":"[279,253,252,258,281,277]","indexSize":"16","pageSize":"10","indexName":"catList:139_0_parentHot"}
08-25 14:20:40.830   1904   D   removeFromIndex:{"buildingTime":"0","1":"[275,271,192,251,272,189,273,270,278,279]","2":"[253,252,258,281,277]","indexSize":"15","pageSize":"10","indexName":"catList:139_0_parentHot"}
08-25 14:20:40.831   1904   D   removeFromIndex:{"buildingTime":"0","1":"[282,281,279,278,277,273,272,271,270,258]","2":"[253,252,251,192,189]","indexSize":"15","pageSize":"10","indexName":"catList:139_189_subDefault"}
08-25 14:20:40.832   1904   D   removeFromIndex:{"buildingTime":"0","1":"[281,279,278,277,273,272,271,270,258,253]","2":"[252,251,192,189]","indexSize":"14","pageSize":"10","indexName":"catList:139_189_subDefault"}
08-25 14:20:40.832   1904   D   removeFromIndex:{"buildingTime":"0","1":"[292,285,284,282,276,266,264,253,247,189]","2":"[165,12]","indexSize":"12","pageSize":"10","indexName":"catList:18_0_parentDefault"}
08-25 14:20:40.834   1904   D   removeFromIndex:{"buildingTime":"0","1":"[292,285,284,276,266,264,253,247,189,165]","2":"[12]","indexSize":"11","pageSize":"10","indexName":"catList:18_0_parentDefault"}
08-25 14:20:40.834   1904   D   removeFromIndex:{"buildingTime":"0","1":"[285,165,189,282,266,284,247,253,264,292]","2":"[276,12]","indexSize":"12","pageSize":"10","indexName":"catList:18_0_parentHot"}
08-25 14:20:40.835   1904   D   removeFromIndex:{"buildingTime":"0","1":"[285,165,189,266,284,247,253,264,292,276]","2":"[12]","indexSize":"11","pageSize":"10","indexName":"catList:18_0_parentHot"}
08-25 14:20:40.836   1904   D   removeFromIndex:{"buildingTime":"0","1":"[285,282,189,165]","indexSize":"4","pageSize":"10","indexName":"catList:18_157_subDefault"}
08-25 14:20:40.837   1904   D   removeFromIndex:{"buildingTime":"0","1":"[285,189,165]","indexSize":"3","pageSize":"10","indexName":"catList:18_157_subDefault"}
08-25 14:20:40.838   1904   D   removeFromIndex:{"buildingTime":"0","1":"[283,282,272,292,161,288,281,264,290,234]","2":"[287,1,277,237,252,284,265,275,3,143]","3":"[120,113,285,286,278,23,279,268,280,45]","4":"[14,79,276,238,128,242,106,200,249,183]","5":"[256,240,251,41,66,273,57,271,270,267]","6":"[266,189,253,247,262,261,260,259,258,230]","7":"[192,64,130,257,255,244,165,254,205,188]","8":"[4,227,166,248,250,115,138,81,102,69]","9":"[107,243,246,245,76,142,212,146,241,114]","10":"[239,204,235,232,177,236,233,231,229,228]","indexSize":"193","pageSize":"10","11":"[112,156,226,216,221,202,160,162,211,209]","12":"[203,207,206,185,201,199,198,197,196,195]","13":"[194,193,186,191,178,190,187,184,182,164]","14":"[168,167,158,224,144,155,154,139,153,152]","15":"[98,25,145,118,125,147,217,141,133,218]","16":"[136,135,137,219,220,111,134,68,126,117]","17":"[96,80,78,67,103,101,109,110,5,8]","18":"[10,12,15,16,19,21,20,47,54,24]","19":"[56,28,49,50,108,55,131,99,222,223]","20":"[225,119,34]","indexName":"catList:100_0_gamesNew"}
08-25 14:20:40.839   1904   D   removeFromIndex:{"buildingTime":"0","1":"[283,272,292,161,288,281,264,290,234,287]","2":"[1,277,237,252,284,265,275,3,143,120]","3":"[113,285,286,278,23,279,268,280,45,14]","4":"[79,276,238,128,242,106,200,249,183,256]","5":"[240,251,41,66,273,57,271,270,267,266]","6":"[189,253,247,262,261,260,259,258,230,192]","7":"[64,130,257,255,244,165,254,205,188,4]","8":"[227,166,248,250,115,138,81,102,69,107]","9":"[243,246,245,76,142,212,146,241,114,239]","10":"[204,235,232,177,236,233,231,229,228,112]","indexSize":"192","pageSize":"10","11":"[156,226,216,221,202,160,162,211,209,203]","12":"[207,206,185,201,199,198,197,196,195,194]","13":"[193,186,191,178,190,187,184,182,164,168]","14":"[167,158,224,144,155,154,139,153,152,98]","15":"[25,145,118,125,147,217,141,133,218,136]","16":"[135,137,219,220,111,134,68,126,117,96]","17":"[80,78,67,103,101,109,110,5,8,10]","18":"[12,15,16,19,21,20,47,54,24,56]","19":"[28,49,50,108,55,131,99,222,223,225]","20":"[119,34]","indexName":"catList:100_0_gamesNew"}
08-25 14:20:40.840   1904   D   removeFromIndex:{"buildingTime":"0","1":"[245,113,275,56,217,271,225,76,224,154]","2":"[138,200,185,166,144,192,241,111,115,109]","3":"[251,137,194,272,107,141,255,147,165,98]","4":"[199,146,34,167,227,120,190,108,177,235]","5":"[221,106,187,246,234,1,156,256,188,143]","6":"[228,189,260,207,102,282,273,145,96,216]","7":"[280,184,114,220,19,23,266,205,135,243]","8":"[230,162,240,198,196,21,222,238,24,204]","9":"[50,203,168,211,133,270,136,278,193,236]","10":"[284,242,218,206,247,209,128,78,3,279]","indexSize":"193","pageSize":"10","11":"[253,232,158,183,249,239,250,155,254,252]","12":"[201,178,258,139,182,281,229,160,237,212]","13":"[54,267,265,259,283,277,231,264,257,80]","14":"[262,268,125,261,248,126,110,292,290,288]","15":"[287,286,285,276,244,233,226,223,219,202]","16":"[197,195,191,186,164,161,153,152,142,134]","17":"[131,130,119,118,117,112,103,101,99,81]","18":"[79,69,68,67,66,64,57,55,49,47]","19":"[45,41,28,25,20,16,15,14,12,10]","20":"[8,5,4]","indexName":"catList:100_0_gamesHot"}
08-25 14:20:40.842   1904   D   removeFromIndex:{"buildingTime":"0","1":"[245,113,275,56,217,271,225,76,224,154]","2":"[138,200,185,166,144,192,241,111,115,109]","3":"[251,137,194,272,107,141,255,147,165,98]","4":"[199,146,34,167,227,120,190,108,177,235]","5":"[221,106,187,246,234,1,156,256,188,143]","6":"[228,189,260,207,102,273,145,96,216,280]","7":"[184,114,220,19,23,266,205,135,243,230]","8":"[162,240,198,196,21,222,238,24,204,50]","9":"[203,168,211,133,270,136,278,193,236,284]","10":"[242,218,206,247,209,128,78,3,279,253]","indexSize":"192","pageSize":"10","11":"[232,158,183,249,239,250,155,254,252,201]","12":"[178,258,139,182,281,229,160,237,212,54]","13":"[267,265,259,283,277,231,264,257,80,262]","14":"[268,125,261,248,126,110,292,290,288,287]","15":"[286,285,276,244,233,226,223,219,202,197]","16":"[195,191,186,164,161,153,152,142,134,131]","17":"[130,119,118,117,112,103,101,99,81,79]","18":"[69,68,67,66,64,57,55,49,47,45]","19":"[41,28,25,20,16,15,14,12,10,8]","20":"[5,4]","indexName":"catList:100_0_gamesHot"}
08-25 14:22:23.731   1898   D   removeFromIndex:{"buildingTime":"0","1":"[282,281,279,278,277,275,273,272,271,270]","2":"[258,253,252,251,192,189]","indexSize":"16","pageSize":"10","indexName":"catList:139_0_parentDefault"}
08-25 14:22:23.732   1898   D   removeFromIndex:{"buildingTime":"0","1":"[281,279,278,277,275,273,272,271,270,258]","2":"[253,252,251,192,189]","indexSize":"15","pageSize":"10","indexName":"catList:139_0_parentDefault"}
08-25 14:22:23.733   1898   D   removeFromIndex:{"buildingTime":"0","1":"[275,271,192,251,272,189,282,273,270,278]","2":"[279,253,252,258,281,277]","indexSize":"16","pageSize":"10","indexName":"catList:139_0_parentHot"}
08-25 14:22:23.734   1898   D   removeFromIndex:{"buildingTime":"0","1":"[275,271,192,251,272,189,273,270,278,279]","2":"[253,252,258,281,277]","indexSize":"15","pageSize":"10","indexName":"catList:139_0_parentHot"}
08-25 14:22:23.735   1898   D   removeFromIndex:{"buildingTime":"0","1":"[282,281,279,278,277,273,272,271,270,258]","2":"[253,252,251,192,189]","indexSize":"15","pageSize":"10","indexName":"catList:139_189_subDefault"}
08-25 14:22:23.736   1898   D   removeFromIndex:{"buildingTime":"0","1":"[281,279,278,277,273,272,271,270,258,253]","2":"[252,251,192,189]","indexSize":"14","pageSize":"10","indexName":"catList:139_189_subDefault"}
08-25 14:22:23.736   1898   D   removeFromIndex:{"buildingTime":"0","1":"[292,285,284,282,276,266,264,253,247,189]","2":"[165,12]","indexSize":"12","pageSize":"10","indexName":"catList:18_0_parentDefault"}
08-25 14:22:23.738   1898   D   removeFromIndex:{"buildingTime":"0","1":"[292,285,284,276,266,264,253,247,189,165]","2":"[12]","indexSize":"11","pageSize":"10","indexName":"catList:18_0_parentDefault"}
08-25 14:22:23.738   1898   D   removeFromIndex:{"buildingTime":"0","1":"[285,165,189,282,266,284,247,253,264,292]","2":"[276,12]","indexSize":"12","pageSize":"10","indexName":"catList:18_0_parentHot"}
08-25 14:22:23.740   1898   D   removeFromIndex:{"buildingTime":"0","1":"[285,165,189,266,284,247,253,264,292,276]","2":"[12]","indexSize":"11","pageSize":"10","indexName":"catList:18_0_parentHot"}
08-25 14:22:23.740   1898   D   removeFromIndex:{"buildingTime":"0","1":"[285,282,189,165]","indexSize":"4","pageSize":"10","indexName":"catList:18_157_subDefault"}
08-25 14:22:23.741   1898   D   removeFromIndex:{"buildingTime":"0","1":"[285,189,165]","indexSize":"3","pageSize":"10","indexName":"catList:18_157_subDefault"}
08-25 14:22:23.742   1898   D   removeFromIndex:{"buildingTime":"0","1":"[283,282,272,292,161,288,281,264,290,234]","2":"[287,1,277,237,252,284,265,275,3,143]","3":"[120,113,285,286,278,23,279,268,280,45]","4":"[14,79,276,238,128,242,106,200,249,183]","5":"[256,240,251,41,66,273,57,271,270,267]","6":"[266,189,253,247,262,261,260,259,258,230]","7":"[192,64,130,257,255,244,165,254,205,188]","8":"[4,227,166,248,250,115,138,81,102,69]","9":"[107,243,246,245,76,142,212,146,241,114]","10":"[239,204,235,232,177,236,233,231,229,228]","indexSize":"193","pageSize":"10","11":"[112,156,226,216,221,202,160,162,211,209]","12":"[203,207,206,185,201,199,198,197,196,195]","13":"[194,193,186,191,178,190,187,184,182,164]","14":"[168,167,158,224,144,155,154,139,153,152]","15":"[98,25,145,118,125,147,217,141,133,218]","16":"[136,135,137,219,220,111,134,68,126,117]","17":"[96,80,78,67,103,101,109,110,5,8]","18":"[10,12,15,16,19,21,20,47,54,24]","19":"[56,28,49,50,108,55,131,99,222,223]","20":"[225,119,34]","indexName":"catList:100_0_gamesNew"}
08-25 14:22:23.744   1898   D   removeFromIndex:{"buildingTime":"0","1":"[283,272,292,161,288,281,264,290,234,287]","2":"[1,277,237,252,284,265,275,3,143,120]","3":"[113,285,286,278,23,279,268,280,45,14]","4":"[79,276,238,128,242,106,200,249,183,256]","5":"[240,251,41,66,273,57,271,270,267,266]","6":"[189,253,247,262,261,260,259,258,230,192]","7":"[64,130,257,255,244,165,254,205,188,4]","8":"[227,166,248,250,115,138,81,102,69,107]","9":"[243,246,245,76,142,212,146,241,114,239]","10":"[204,235,232,177,236,233,231,229,228,112]","indexSize":"192","pageSize":"10","11":"[156,226,216,221,202,160,162,211,209,203]","12":"[207,206,185,201,199,198,197,196,195,194]","13":"[193,186,191,178,190,187,184,182,164,168]","14":"[167,158,224,144,155,154,139,153,152,98]","15":"[25,145,118,125,147,217,141,133,218,136]","16":"[135,137,219,220,111,134,68,126,117,96]","17":"[80,78,67,103,101,109,110,5,8,10]","18":"[12,15,16,19,21,20,47,54,24,56]","19":"[28,49,50,108,55,131,99,222,223,225]","20":"[119,34]","indexName":"catList:100_0_gamesNew"}
08-25 14:22:23.744   1898   D   removeFromIndex:{"buildingTime":"0","1":"[245,113,275,56,217,271,225,76,224,154]","2":"[138,200,185,166,144,192,241,111,115,109]","3":"[251,137,194,272,107,141,255,147,165,98]","4":"[199,146,34,167,227,120,190,108,177,235]","5":"[221,106,187,246,234,1,156,256,188,143]","6":"[228,189,260,207,102,282,273,145,96,216]","7":"[280,184,114,220,19,23,266,205,135,243]","8":"[230,162,240,198,196,21,222,238,24,204]","9":"[50,203,168,211,133,270,136,278,193,236]","10":"[284,242,218,206,247,209,128,78,3,279]","indexSize":"193","pageSize":"10","11":"[253,232,158,183,249,239,250,155,254,252]","12":"[201,178,258,139,182,281,229,160,237,212]","13":"[54,267,265,259,283,277,231,264,257,80]","14":"[262,268,125,261,248,126,110,292,290,288]","15":"[287,286,285,276,244,233,226,223,219,202]","16":"[197,195,191,186,164,161,153,152,142,134]","17":"[131,130,119,118,117,112,103,101,99,81]","18":"[79,69,68,67,66,64,57,55,49,47]","19":"[45,41,28,25,20,16,15,14,12,10]","20":"[8,5,4]","indexName":"catList:100_0_gamesHot"}
08-25 14:22:23.747   1898   D   removeFromIndex:{"buildingTime":"0","1":"[245,113,275,56,217,271,225,76,224,154]","2":"[138,200,185,166,144,192,241,111,115,109]","3":"[251,137,194,272,107,141,255,147,165,98]","4":"[199,146,34,167,227,120,190,108,177,235]","5":"[221,106,187,246,234,1,156,256,188,143]","6":"[228,189,260,207,102,273,145,96,216,280]","7":"[184,114,220,19,23,266,205,135,243,230]","8":"[162,240,198,196,21,222,238,24,204,50]","9":"[203,168,211,133,270,136,278,193,236,284]","10":"[242,218,206,247,209,128,78,3,279,253]","indexSize":"192","pageSize":"10","11":"[232,158,183,249,239,250,155,254,252,201]","12":"[178,258,139,182,281,229,160,237,212,54]","13":"[267,265,259,283,277,231,264,257,80,262]","14":"[268,125,261,248,126,110,292,290,288,287]","15":"[286,285,276,244,233,226,223,219,202,197]","16":"[195,191,186,164,161,153,152,142,134,131]","17":"[130,119,118,117,112,103,101,99,81,79]","18":"[69,68,67,66,64,57,55,49,47,45]","19":"[41,28,25,20,16,15,14,12,10,8]","20":"[5,4]","indexName":"catList:100_0_gamesHot"}
08-25 14:34:57.689   1902   D   removeFromIndex:{"buildingTime":"0","1":"[282,281,279,278,277,275,273,272,271,270]","2":"[258,253,252,251,192,189]","indexSize":"16","pageSize":"10","indexName":"catList:139_0_parentDefault"}
08-25 14:34:57.690   1902   D   removeFromIndex:{"buildingTime":"0","1":"[281,279,278,277,275,273,272,271,270,258]","2":"[253,252,251,192,189]","indexSize":"15","pageSize":"10","indexName":"catList:139_0_parentDefault"}
08-25 14:34:57.691   1902   D   removeFromIndex:{"buildingTime":"0","1":"[275,271,192,251,272,189,282,273,270,278]","2":"[279,253,252,258,281,277]","indexSize":"16","pageSize":"10","indexName":"catList:139_0_parentHot"}
08-25 14:34:57.692   1902   D   removeFromIndex:{"buildingTime":"0","1":"[275,271,192,251,272,189,273,270,278,279]","2":"[253,252,258,281,277]","indexSize":"15","pageSize":"10","indexName":"catList:139_0_parentHot"}
08-25 14:34:57.693   1902   D   removeFromIndex:{"buildingTime":"0","1":"[282,281,279,278,277,273,272,271,270,258]","2":"[253,252,251,192,189]","indexSize":"15","pageSize":"10","indexName":"catList:139_189_subDefault"}
08-25 14:34:57.694   1902   D   removeFromIndex:{"buildingTime":"0","1":"[281,279,278,277,273,272,271,270,258,253]","2":"[252,251,192,189]","indexSize":"14","pageSize":"10","indexName":"catList:139_189_subDefault"}
08-25 14:34:57.694   1902   D   removeFromIndex:{"buildingTime":"0","1":"[292,285,284,282,276,266,264,253,247,189]","2":"[165,12]","indexSize":"12","pageSize":"10","indexName":"catList:18_0_parentDefault"}
08-25 14:34:57.696   1902   D   removeFromIndex:{"buildingTime":"0","1":"[292,285,284,276,266,264,253,247,189,165]","2":"[12]","indexSize":"11","pageSize":"10","indexName":"catList:18_0_parentDefault"}
08-25 14:34:57.696   1902   D   removeFromIndex:{"buildingTime":"0","1":"[285,165,189,282,266,284,247,253,264,292]","2":"[276,12]","indexSize":"12","pageSize":"10","indexName":"catList:18_0_parentHot"}
08-25 14:34:57.697   1902   D   removeFromIndex:{"buildingTime":"0","1":"[285,165,189,266,284,247,253,264,292,276]","2":"[12]","indexSize":"11","pageSize":"10","indexName":"catList:18_0_parentHot"}
08-25 14:34:57.698   1902   D   removeFromIndex:{"buildingTime":"0","1":"[285,282,189,165]","indexSize":"4","pageSize":"10","indexName":"catList:18_157_subDefault"}
08-25 14:34:57.699   1902   D   removeFromIndex:{"buildingTime":"0","1":"[285,189,165]","indexSize":"3","pageSize":"10","indexName":"catList:18_157_subDefault"}
08-25 14:34:57.700   1902   D   removeFromIndex:{"buildingTime":"0","1":"[283,282,272,292,161,288,281,264,290,234]","2":"[287,1,277,237,252,284,265,275,3,143]","3":"[120,113,285,286,278,23,279,268,280,45]","4":"[14,79,276,238,128,242,106,200,249,183]","5":"[256,240,251,41,66,273,57,271,270,267]","6":"[266,189,253,247,262,261,260,259,258,230]","7":"[192,64,130,257,255,244,165,254,205,188]","8":"[4,227,166,248,250,115,138,81,102,69]","9":"[107,243,246,245,76,142,212,146,241,114]","10":"[239,204,235,232,177,236,233,231,229,228]","indexSize":"193","pageSize":"10","11":"[112,156,226,216,221,202,160,162,211,209]","12":"[203,207,206,185,201,199,198,197,196,195]","13":"[194,193,186,191,178,190,187,184,182,164]","14":"[168,167,158,224,144,155,154,139,153,152]","15":"[98,25,145,118,125,147,217,141,133,218]","16":"[136,135,137,219,220,111,134,68,126,117]","17":"[96,80,78,67,103,101,109,110,5,8]","18":"[10,12,15,16,19,21,20,47,54,24]","19":"[56,28,49,50,108,55,131,99,222,223]","20":"[225,119,34]","indexName":"catList:100_0_gamesNew"}
08-25 14:34:57.702   1902   D   removeFromIndex:{"buildingTime":"0","1":"[283,272,292,161,288,281,264,290,234,287]","2":"[1,277,237,252,284,265,275,3,143,120]","3":"[113,285,286,278,23,279,268,280,45,14]","4":"[79,276,238,128,242,106,200,249,183,256]","5":"[240,251,41,66,273,57,271,270,267,266]","6":"[189,253,247,262,261,260,259,258,230,192]","7":"[64,130,257,255,244,165,254,205,188,4]","8":"[227,166,248,250,115,138,81,102,69,107]","9":"[243,246,245,76,142,212,146,241,114,239]","10":"[204,235,232,177,236,233,231,229,228,112]","indexSize":"192","pageSize":"10","11":"[156,226,216,221,202,160,162,211,209,203]","12":"[207,206,185,201,199,198,197,196,195,194]","13":"[193,186,191,178,190,187,184,182,164,168]","14":"[167,158,224,144,155,154,139,153,152,98]","15":"[25,145,118,125,147,217,141,133,218,136]","16":"[135,137,219,220,111,134,68,126,117,96]","17":"[80,78,67,103,101,109,110,5,8,10]","18":"[12,15,16,19,21,20,47,54,24,56]","19":"[28,49,50,108,55,131,99,222,223,225]","20":"[119,34]","indexName":"catList:100_0_gamesNew"}
08-25 14:34:57.703   1902   D   removeFromIndex:{"buildingTime":"0","1":"[245,113,275,56,217,271,225,76,224,154]","2":"[138,200,185,166,144,192,241,111,115,109]","3":"[251,137,194,272,107,141,255,147,165,98]","4":"[199,146,34,167,227,120,190,108,177,235]","5":"[221,106,187,246,234,1,156,256,188,143]","6":"[228,189,260,207,102,282,273,145,96,216]","7":"[280,184,114,220,19,23,266,205,135,243]","8":"[230,162,240,198,196,21,222,238,24,204]","9":"[50,203,168,211,133,270,136,278,193,236]","10":"[284,242,218,206,247,209,128,78,3,279]","indexSize":"193","pageSize":"10","11":"[253,232,158,183,249,239,250,155,254,252]","12":"[201,178,258,139,182,281,229,160,237,212]","13":"[54,267,265,259,283,277,231,264,257,80]","14":"[262,268,125,261,248,126,110,292,290,288]","15":"[287,286,285,276,244,233,226,223,219,202]","16":"[197,195,191,186,164,161,153,152,142,134]","17":"[131,130,119,118,117,112,103,101,99,81]","18":"[79,69,68,67,66,64,57,55,49,47]","19":"[45,41,28,25,20,16,15,14,12,10]","20":"[8,5,4]","indexName":"catList:100_0_gamesHot"}
08-25 14:34:57.705   1902   D   removeFromIndex:{"buildingTime":"0","1":"[245,113,275,56,217,271,225,76,224,154]","2":"[138,200,185,166,144,192,241,111,115,109]","3":"[251,137,194,272,107,141,255,147,165,98]","4":"[199,146,34,167,227,120,190,108,177,235]","5":"[221,106,187,246,234,1,156,256,188,143]","6":"[228,189,260,207,102,273,145,96,216,280]","7":"[184,114,220,19,23,266,205,135,243,230]","8":"[162,240,198,196,21,222,238,24,204,50]","9":"[203,168,211,133,270,136,278,193,236,284]","10":"[242,218,206,247,209,128,78,3,279,253]","indexSize":"192","pageSize":"10","11":"[232,158,183,249,239,250,155,254,252,201]","12":"[178,258,139,182,281,229,160,237,212,54]","13":"[267,265,259,283,277,231,264,257,80,262]","14":"[268,125,261,248,126,110,292,290,288,287]","15":"[286,285,276,244,233,226,223,219,202,197]","16":"[195,191,186,164,161,153,152,142,134,131]","17":"[130,119,118,117,112,103,101,99,81,79]","18":"[69,68,67,66,64,57,55,49,47,45]","19":"[41,28,25,20,16,15,14,12,10,8]","20":"[5,4]","indexName":"catList:100_0_gamesHot"}
08-25 14:35:38.077   1905   D   removeFromIndex:{"buildingTime":"0","1":"[282,281,279,278,277,275,273,272,271,270]","2":"[258,253,252,251,192,189]","indexSize":"16","pageSize":"10","indexName":"catList:139_0_parentDefault"}
08-25 14:35:38.078   1905   D   removeFromIndex:{"buildingTime":"0","1":"[281,279,278,277,275,273,272,271,270,258]","2":"[253,252,251,192,189]","indexSize":"15","pageSize":"10","indexName":"catList:139_0_parentDefault"}
08-25 14:35:38.079   1905   D   removeFromIndex:{"buildingTime":"0","1":"[275,271,192,251,272,189,282,273,270,278]","2":"[279,253,252,258,281,277]","indexSize":"16","pageSize":"10","indexName":"catList:139_0_parentHot"}
08-25 14:35:38.080   1905   D   removeFromIndex:{"buildingTime":"0","1":"[275,271,192,251,272,189,273,270,278,279]","2":"[253,252,258,281,277]","indexSize":"15","pageSize":"10","indexName":"catList:139_0_parentHot"}
08-25 14:35:38.081   1905   D   removeFromIndex:{"buildingTime":"0","1":"[282,281,279,278,277,273,272,271,270,258]","2":"[253,252,251,192,189]","indexSize":"15","pageSize":"10","indexName":"catList:139_189_subDefault"}
08-25 14:35:38.082   1905   D   removeFromIndex:{"buildingTime":"0","1":"[281,279,278,277,273,272,271,270,258,253]","2":"[252,251,192,189]","indexSize":"14","pageSize":"10","indexName":"catList:139_189_subDefault"}
08-25 14:35:38.083   1905   D   removeFromIndex:{"buildingTime":"0","1":"[292,285,284,282,276,266,264,253,247,189]","2":"[165,12]","indexSize":"12","pageSize":"10","indexName":"catList:18_0_parentDefault"}
08-25 14:35:38.084   1905   D   removeFromIndex:{"buildingTime":"0","1":"[292,285,284,276,266,264,253,247,189,165]","2":"[12]","indexSize":"11","pageSize":"10","indexName":"catList:18_0_parentDefault"}
08-25 14:35:38.085   1905   D   removeFromIndex:{"buildingTime":"0","1":"[285,165,189,282,266,284,247,253,264,292]","2":"[276,12]","indexSize":"12","pageSize":"10","indexName":"catList:18_0_parentHot"}
08-25 14:35:38.086   1905   D   removeFromIndex:{"buildingTime":"0","1":"[285,165,189,266,284,247,253,264,292,276]","2":"[12]","indexSize":"11","pageSize":"10","indexName":"catList:18_0_parentHot"}
08-25 14:35:38.086   1905   D   removeFromIndex:{"buildingTime":"0","1":"[285,282,189,165]","indexSize":"4","pageSize":"10","indexName":"catList:18_157_subDefault"}
08-25 14:35:38.087   1905   D   removeFromIndex:{"buildingTime":"0","1":"[285,189,165]","indexSize":"3","pageSize":"10","indexName":"catList:18_157_subDefault"}
08-25 14:35:38.088   1905   D   removeFromIndex:{"buildingTime":"0","1":"[283,282,272,292,161,288,281,264,290,234]","2":"[287,1,277,237,252,284,265,275,3,143]","3":"[120,113,285,286,278,23,279,268,280,45]","4":"[14,79,276,238,128,242,106,200,249,183]","5":"[256,240,251,41,66,273,57,271,270,267]","6":"[266,189,253,247,262,261,260,259,258,230]","7":"[192,64,130,257,255,244,165,254,205,188]","8":"[4,227,166,248,250,115,138,81,102,69]","9":"[107,243,246,245,76,142,212,146,241,114]","10":"[239,204,235,232,177,236,233,231,229,228]","indexSize":"193","pageSize":"10","11":"[112,156,226,216,221,202,160,162,211,209]","12":"[203,207,206,185,201,199,198,197,196,195]","13":"[194,193,186,191,178,190,187,184,182,164]","14":"[168,167,158,224,144,155,154,139,153,152]","15":"[98,25,145,118,125,147,217,141,133,218]","16":"[136,135,137,219,220,111,134,68,126,117]","17":"[96,80,78,67,103,101,109,110,5,8]","18":"[10,12,15,16,19,21,20,47,54,24]","19":"[56,28,49,50,108,55,131,99,222,223]","20":"[225,119,34]","indexName":"catList:100_0_gamesNew"}
08-25 14:35:38.090   1905   D   removeFromIndex:{"buildingTime":"0","1":"[283,272,292,161,288,281,264,290,234,287]","2":"[1,277,237,252,284,265,275,3,143,120]","3":"[113,285,286,278,23,279,268,280,45,14]","4":"[79,276,238,128,242,106,200,249,183,256]","5":"[240,251,41,66,273,57,271,270,267,266]","6":"[189,253,247,262,261,260,259,258,230,192]","7":"[64,130,257,255,244,165,254,205,188,4]","8":"[227,166,248,250,115,138,81,102,69,107]","9":"[243,246,245,76,142,212,146,241,114,239]","10":"[204,235,232,177,236,233,231,229,228,112]","indexSize":"192","pageSize":"10","11":"[156,226,216,221,202,160,162,211,209,203]","12":"[207,206,185,201,199,198,197,196,195,194]","13":"[193,186,191,178,190,187,184,182,164,168]","14":"[167,158,224,144,155,154,139,153,152,98]","15":"[25,145,118,125,147,217,141,133,218,136]","16":"[135,137,219,220,111,134,68,126,117,96]","17":"[80,78,67,103,101,109,110,5,8,10]","18":"[12,15,16,19,21,20,47,54,24,56]","19":"[28,49,50,108,55,131,99,222,223,225]","20":"[119,34]","indexName":"catList:100_0_gamesNew"}
08-25 14:35:38.091   1905   D   removeFromIndex:{"buildingTime":"0","1":"[245,113,275,56,217,271,225,76,224,154]","2":"[138,200,185,166,144,192,241,111,115,109]","3":"[251,137,194,272,107,141,255,147,165,98]","4":"[199,146,34,167,227,120,190,108,177,235]","5":"[221,106,187,246,234,1,156,256,188,143]","6":"[228,189,260,207,102,282,273,145,96,216]","7":"[280,184,114,220,19,23,266,205,135,243]","8":"[230,162,240,198,196,21,222,238,24,204]","9":"[50,203,168,211,133,270,136,278,193,236]","10":"[284,242,218,206,247,209,128,78,3,279]","indexSize":"193","pageSize":"10","11":"[253,232,158,183,249,239,250,155,254,252]","12":"[201,178,258,139,182,281,229,160,237,212]","13":"[54,267,265,259,283,277,231,264,257,80]","14":"[262,268,125,261,248,126,110,292,290,288]","15":"[287,286,285,276,244,233,226,223,219,202]","16":"[197,195,191,186,164,161,153,152,142,134]","17":"[131,130,119,118,117,112,103,101,99,81]","18":"[79,69,68,67,66,64,57,55,49,47]","19":"[45,41,28,25,20,16,15,14,12,10]","20":"[8,5,4]","indexName":"catList:100_0_gamesHot"}
08-25 14:35:38.093   1905   D   removeFromIndex:{"buildingTime":"0","1":"[245,113,275,56,217,271,225,76,224,154]","2":"[138,200,185,166,144,192,241,111,115,109]","3":"[251,137,194,272,107,141,255,147,165,98]","4":"[199,146,34,167,227,120,190,108,177,235]","5":"[221,106,187,246,234,1,156,256,188,143]","6":"[228,189,260,207,102,273,145,96,216,280]","7":"[184,114,220,19,23,266,205,135,243,230]","8":"[162,240,198,196,21,222,238,24,204,50]","9":"[203,168,211,133,270,136,278,193,236,284]","10":"[242,218,206,247,209,128,78,3,279,253]","indexSize":"192","pageSize":"10","11":"[232,158,183,249,239,250,155,254,252,201]","12":"[178,258,139,182,281,229,160,237,212,54]","13":"[267,265,259,283,277,231,264,257,80,262]","14":"[268,125,261,248,126,110,292,290,288,287]","15":"[286,285,276,244,233,226,223,219,202,197]","16":"[195,191,186,164,161,153,152,142,134,131]","17":"[130,119,118,117,112,103,101,99,81,79]","18":"[69,68,67,66,64,57,55,49,47,45]","19":"[41,28,25,20,16,15,14,12,10,8]","20":"[5,4]","indexName":"catList:100_0_gamesHot"}
08-25 14:35:50.667   1900   D   removeFromIndex:{"buildingTime":"0","1":"[282,281,279,278,277,275,273,272,271,270]","2":"[258,253,252,251,192,189]","indexSize":"16","pageSize":"10","indexName":"catList:139_0_parentDefault"}
08-25 14:35:50.668   1900   D   removeFromIndex:{"buildingTime":"0","1":"[281,279,278,277,275,273,272,271,270,258]","2":"[253,252,251,192,189]","indexSize":"15","pageSize":"10","indexName":"catList:139_0_parentDefault"}
08-25 14:35:50.669   1900   D   removeFromIndex:{"buildingTime":"0","1":"[275,271,192,251,272,189,282,273,270,278]","2":"[279,253,252,258,281,277]","indexSize":"16","pageSize":"10","indexName":"catList:139_0_parentHot"}
08-25 14:35:50.670   1900   D   removeFromIndex:{"buildingTime":"0","1":"[275,271,192,251,272,189,273,270,278,279]","2":"[253,252,258,281,277]","indexSize":"15","pageSize":"10","indexName":"catList:139_0_parentHot"}
08-25 14:35:50.671   1900   D   removeFromIndex:{"buildingTime":"0","1":"[282,281,279,278,277,273,272,271,270,258]","2":"[253,252,251,192,189]","indexSize":"15","pageSize":"10","indexName":"catList:139_189_subDefault"}
08-25 14:35:50.672   1900   D   removeFromIndex:{"buildingTime":"0","1":"[281,279,278,277,273,272,271,270,258,253]","2":"[252,251,192,189]","indexSize":"14","pageSize":"10","indexName":"catList:139_189_subDefault"}
08-25 14:35:50.672   1900   D   removeFromIndex:{"buildingTime":"0","1":"[292,285,284,282,276,266,264,253,247,189]","2":"[165,12]","indexSize":"12","pageSize":"10","indexName":"catList:18_0_parentDefault"}
08-25 14:35:50.673   1900   D   removeFromIndex:{"buildingTime":"0","1":"[292,285,284,276,266,264,253,247,189,165]","2":"[12]","indexSize":"11","pageSize":"10","indexName":"catList:18_0_parentDefault"}
08-25 14:35:50.674   1900   D   removeFromIndex:{"buildingTime":"0","1":"[285,165,189,282,266,284,247,253,264,292]","2":"[276,12]","indexSize":"12","pageSize":"10","indexName":"catList:18_0_parentHot"}
08-25 14:35:50.675   1900   D   removeFromIndex:{"buildingTime":"0","1":"[285,165,189,266,284,247,253,264,292,276]","2":"[12]","indexSize":"11","pageSize":"10","indexName":"catList:18_0_parentHot"}
08-25 14:35:50.676   1900   D   removeFromIndex:{"buildingTime":"0","1":"[285,282,189,165]","indexSize":"4","pageSize":"10","indexName":"catList:18_157_subDefault"}
08-25 14:35:50.677   1900   D   removeFromIndex:{"buildingTime":"0","1":"[285,189,165]","indexSize":"3","pageSize":"10","indexName":"catList:18_157_subDefault"}
08-25 14:35:50.678   1900   D   removeFromIndex:{"buildingTime":"0","1":"[283,282,272,292,161,288,281,264,290,234]","2":"[287,1,277,237,252,284,265,275,3,143]","3":"[120,113,285,286,278,23,279,268,280,45]","4":"[14,79,276,238,128,242,106,200,249,183]","5":"[256,240,251,41,66,273,57,271,270,267]","6":"[266,189,253,247,262,261,260,259,258,230]","7":"[192,64,130,257,255,244,165,254,205,188]","8":"[4,227,166,248,250,115,138,81,102,69]","9":"[107,243,246,245,76,142,212,146,241,114]","10":"[239,204,235,232,177,236,233,231,229,228]","indexSize":"193","pageSize":"10","11":"[112,156,226,216,221,202,160,162,211,209]","12":"[203,207,206,185,201,199,198,197,196,195]","13":"[194,193,186,191,178,190,187,184,182,164]","14":"[168,167,158,224,144,155,154,139,153,152]","15":"[98,25,145,118,125,147,217,141,133,218]","16":"[136,135,137,219,220,111,134,68,126,117]","17":"[96,80,78,67,103,101,109,110,5,8]","18":"[10,12,15,16,19,21,20,47,54,24]","19":"[56,28,49,50,108,55,131,99,222,223]","20":"[225,119,34]","indexName":"catList:100_0_gamesNew"}
08-25 14:35:50.680   1900   D   removeFromIndex:{"buildingTime":"0","1":"[283,272,292,161,288,281,264,290,234,287]","2":"[1,277,237,252,284,265,275,3,143,120]","3":"[113,285,286,278,23,279,268,280,45,14]","4":"[79,276,238,128,242,106,200,249,183,256]","5":"[240,251,41,66,273,57,271,270,267,266]","6":"[189,253,247,262,261,260,259,258,230,192]","7":"[64,130,257,255,244,165,254,205,188,4]","8":"[227,166,248,250,115,138,81,102,69,107]","9":"[243,246,245,76,142,212,146,241,114,239]","10":"[204,235,232,177,236,233,231,229,228,112]","indexSize":"192","pageSize":"10","11":"[156,226,216,221,202,160,162,211,209,203]","12":"[207,206,185,201,199,198,197,196,195,194]","13":"[193,186,191,178,190,187,184,182,164,168]","14":"[167,158,224,144,155,154,139,153,152,98]","15":"[25,145,118,125,147,217,141,133,218,136]","16":"[135,137,219,220,111,134,68,126,117,96]","17":"[80,78,67,103,101,109,110,5,8,10]","18":"[12,15,16,19,21,20,47,54,24,56]","19":"[28,49,50,108,55,131,99,222,223,225]","20":"[119,34]","indexName":"catList:100_0_gamesNew"}
08-25 14:35:50.680   1900   D   removeFromIndex:{"buildingTime":"0","1":"[245,113,275,56,217,271,225,76,224,154]","2":"[138,200,185,166,144,192,241,111,115,109]","3":"[251,137,194,272,107,141,255,147,165,98]","4":"[199,146,34,167,227,120,190,108,177,235]","5":"[221,106,187,246,234,1,156,256,188,143]","6":"[228,189,260,207,102,282,273,145,96,216]","7":"[280,184,114,220,19,23,266,205,135,243]","8":"[230,162,240,198,196,21,222,238,24,204]","9":"[50,203,168,211,133,270,136,278,193,236]","10":"[284,242,218,206,247,209,128,78,3,279]","indexSize":"193","pageSize":"10","11":"[253,232,158,183,249,239,250,155,254,252]","12":"[201,178,258,139,182,281,229,160,237,212]","13":"[54,267,265,259,283,277,231,264,257,80]","14":"[262,268,125,261,248,126,110,292,290,288]","15":"[287,286,285,276,244,233,226,223,219,202]","16":"[197,195,191,186,164,161,153,152,142,134]","17":"[131,130,119,118,117,112,103,101,99,81]","18":"[79,69,68,67,66,64,57,55,49,47]","19":"[45,41,28,25,20,16,15,14,12,10]","20":"[8,5,4]","indexName":"catList:100_0_gamesHot"}
08-25 14:35:50.683   1900   D   removeFromIndex:{"buildingTime":"0","1":"[245,113,275,56,217,271,225,76,224,154]","2":"[138,200,185,166,144,192,241,111,115,109]","3":"[251,137,194,272,107,141,255,147,165,98]","4":"[199,146,34,167,227,120,190,108,177,235]","5":"[221,106,187,246,234,1,156,256,188,143]","6":"[228,189,260,207,102,273,145,96,216,280]","7":"[184,114,220,19,23,266,205,135,243,230]","8":"[162,240,198,196,21,222,238,24,204,50]","9":"[203,168,211,133,270,136,278,193,236,284]","10":"[242,218,206,247,209,128,78,3,279,253]","indexSize":"192","pageSize":"10","11":"[232,158,183,249,239,250,155,254,252,201]","12":"[178,258,139,182,281,229,160,237,212,54]","13":"[267,265,259,283,277,231,264,257,80,262]","14":"[268,125,261,248,126,110,292,290,288,287]","15":"[286,285,276,244,233,226,223,219,202,197]","16":"[195,191,186,164,161,153,152,142,134,131]","17":"[130,119,118,117,112,103,101,99,81,79]","18":"[69,68,67,66,64,57,55,49,47,45]","19":"[41,28,25,20,16,15,14,12,10,8]","20":"[5,4]","indexName":"catList:100_0_gamesHot"}
08-25 14:38:40.284   1905   D   removeFromIndex:{"buildingTime":"0","1":"[282,281,279,278,277,275,273,272,271,270]","2":"[258,253,252,251,192,189]","indexSize":"16","pageSize":"10","indexName":"catList:139_0_parentDefault"}
08-25 14:38:40.285   1905   D   removeFromIndex:{"buildingTime":"0","1":"[281,279,278,277,275,273,272,271,270,258]","2":"[253,252,251,192,189]","indexSize":"15","pageSize":"10","indexName":"catList:139_0_parentDefault"}
08-25 14:38:40.286   1905   D   removeFromIndex:{"buildingTime":"0","1":"[275,271,192,251,272,189,282,273,270,278]","2":"[279,253,252,258,281,277]","indexSize":"16","pageSize":"10","indexName":"catList:139_0_parentHot"}
08-25 14:38:40.287   1905   D   removeFromIndex:{"buildingTime":"0","1":"[275,271,192,251,272,189,273,270,278,279]","2":"[253,252,258,281,277]","indexSize":"15","pageSize":"10","indexName":"catList:139_0_parentHot"}
08-25 14:38:40.288   1905   D   removeFromIndex:{"buildingTime":"0","1":"[282,281,279,278,277,273,272,271,270,258]","2":"[253,252,251,192,189]","indexSize":"15","pageSize":"10","indexName":"catList:139_189_subDefault"}
08-25 14:38:40.289   1905   D   removeFromIndex:{"buildingTime":"0","1":"[281,279,278,277,273,272,271,270,258,253]","2":"[252,251,192,189]","indexSize":"14","pageSize":"10","indexName":"catList:139_189_subDefault"}
08-25 14:38:40.289   1905   D   removeFromIndex:{"buildingTime":"0","1":"[292,285,284,282,276,266,264,253,247,189]","2":"[165,12]","indexSize":"12","pageSize":"10","indexName":"catList:18_0_parentDefault"}
08-25 14:38:40.291   1905   D   removeFromIndex:{"buildingTime":"0","1":"[292,285,284,276,266,264,253,247,189,165]","2":"[12]","indexSize":"11","pageSize":"10","indexName":"catList:18_0_parentDefault"}
08-25 14:38:40.291   1905   D   removeFromIndex:{"buildingTime":"0","1":"[285,165,189,282,266,284,247,253,264,292]","2":"[276,12]","indexSize":"12","pageSize":"10","indexName":"catList:18_0_parentHot"}
08-25 14:38:40.292   1905   D   removeFromIndex:{"buildingTime":"0","1":"[285,165,189,266,284,247,253,264,292,276]","2":"[12]","indexSize":"11","pageSize":"10","indexName":"catList:18_0_parentHot"}
08-25 14:38:40.293   1905   D   removeFromIndex:{"buildingTime":"0","1":"[285,282,189,165]","indexSize":"4","pageSize":"10","indexName":"catList:18_157_subDefault"}
08-25 14:38:40.294   1905   D   removeFromIndex:{"buildingTime":"0","1":"[285,189,165]","indexSize":"3","pageSize":"10","indexName":"catList:18_157_subDefault"}
08-25 14:38:40.295   1905   D   removeFromIndex:{"buildingTime":"0","1":"[283,282,272,292,161,288,281,264,290,234]","2":"[287,1,277,237,252,284,265,275,3,143]","3":"[120,113,285,286,278,23,279,268,280,45]","4":"[14,79,276,238,128,242,106,200,249,183]","5":"[256,240,251,41,66,273,57,271,270,267]","6":"[266,189,253,247,262,261,260,259,258,230]","7":"[192,64,130,257,255,244,165,254,205,188]","8":"[4,227,166,248,250,115,138,81,102,69]","9":"[107,243,246,245,76,142,212,146,241,114]","10":"[239,204,235,232,177,236,233,231,229,228]","indexSize":"193","pageSize":"10","11":"[112,156,226,216,221,202,160,162,211,209]","12":"[203,207,206,185,201,199,198,197,196,195]","13":"[194,193,186,191,178,190,187,184,182,164]","14":"[168,167,158,224,144,155,154,139,153,152]","15":"[98,25,145,118,125,147,217,141,133,218]","16":"[136,135,137,219,220,111,134,68,126,117]","17":"[96,80,78,67,103,101,109,110,5,8]","18":"[10,12,15,16,19,21,20,47,54,24]","19":"[56,28,49,50,108,55,131,99,222,223]","20":"[225,119,34]","indexName":"catList:100_0_gamesNew"}
08-25 14:38:40.296   1905   D   removeFromIndex:{"buildingTime":"0","1":"[283,272,292,161,288,281,264,290,234,287]","2":"[1,277,237,252,284,265,275,3,143,120]","3":"[113,285,286,278,23,279,268,280,45,14]","4":"[79,276,238,128,242,106,200,249,183,256]","5":"[240,251,41,66,273,57,271,270,267,266]","6":"[189,253,247,262,261,260,259,258,230,192]","7":"[64,130,257,255,244,165,254,205,188,4]","8":"[227,166,248,250,115,138,81,102,69,107]","9":"[243,246,245,76,142,212,146,241,114,239]","10":"[204,235,232,177,236,233,231,229,228,112]","indexSize":"192","pageSize":"10","11":"[156,226,216,221,202,160,162,211,209,203]","12":"[207,206,185,201,199,198,197,196,195,194]","13":"[193,186,191,178,190,187,184,182,164,168]","14":"[167,158,224,144,155,154,139,153,152,98]","15":"[25,145,118,125,147,217,141,133,218,136]","16":"[135,137,219,220,111,134,68,126,117,96]","17":"[80,78,67,103,101,109,110,5,8,10]","18":"[12,15,16,19,21,20,47,54,24,56]","19":"[28,49,50,108,55,131,99,222,223,225]","20":"[119,34]","indexName":"catList:100_0_gamesNew"}
08-25 14:38:40.297   1905   D   removeFromIndex:{"buildingTime":"0","1":"[245,113,275,56,217,271,225,76,224,154]","2":"[138,200,185,166,144,192,241,111,115,109]","3":"[251,137,194,272,107,141,255,147,165,98]","4":"[199,146,34,167,227,120,190,108,177,235]","5":"[221,106,187,246,234,1,156,256,188,143]","6":"[228,189,260,207,102,282,273,145,96,216]","7":"[280,184,114,220,19,23,266,205,135,243]","8":"[230,162,240,198,196,21,222,238,24,204]","9":"[50,203,168,211,133,270,136,278,193,236]","10":"[284,242,218,206,247,209,128,78,3,279]","indexSize":"193","pageSize":"10","11":"[253,232,158,183,249,239,250,155,254,252]","12":"[201,178,258,139,182,281,229,160,237,212]","13":"[54,267,265,259,283,277,231,264,257,80]","14":"[262,268,125,261,248,126,110,292,290,288]","15":"[287,286,285,276,244,233,226,223,219,202]","16":"[197,195,191,186,164,161,153,152,142,134]","17":"[131,130,119,118,117,112,103,101,99,81]","18":"[79,69,68,67,66,64,57,55,49,47]","19":"[45,41,28,25,20,16,15,14,12,10]","20":"[8,5,4]","indexName":"catList:100_0_gamesHot"}
08-25 14:38:40.300   1905   D   removeFromIndex:{"buildingTime":"0","1":"[245,113,275,56,217,271,225,76,224,154]","2":"[138,200,185,166,144,192,241,111,115,109]","3":"[251,137,194,272,107,141,255,147,165,98]","4":"[199,146,34,167,227,120,190,108,177,235]","5":"[221,106,187,246,234,1,156,256,188,143]","6":"[228,189,260,207,102,273,145,96,216,280]","7":"[184,114,220,19,23,266,205,135,243,230]","8":"[162,240,198,196,21,222,238,24,204,50]","9":"[203,168,211,133,270,136,278,193,236,284]","10":"[242,218,206,247,209,128,78,3,279,253]","indexSize":"192","pageSize":"10","11":"[232,158,183,249,239,250,155,254,252,201]","12":"[178,258,139,182,281,229,160,237,212,54]","13":"[267,265,259,283,277,231,264,257,80,262]","14":"[268,125,261,248,126,110,292,290,288,287]","15":"[286,285,276,244,233,226,223,219,202,197]","16":"[195,191,186,164,161,153,152,142,134,131]","17":"[130,119,118,117,112,103,101,99,81,79]","18":"[69,68,67,66,64,57,55,49,47,45]","19":"[41,28,25,20,16,15,14,12,10,8]","20":"[5,4]","indexName":"catList:100_0_gamesHot"}
08-25 14:41:00.705   1900   D   removeFromIndex:{"buildingTime":"0","1":"[282,281,279,278,277,275,273,272,271,270]","2":"[258,253,252,251,192,189]","indexSize":"16","pageSize":"10","indexName":"catList:139_0_parentDefault"}
08-25 14:41:00.706   1900   D   removeFromIndex:{"buildingTime":"0","1":"[281,279,278,277,275,273,272,271,270,258]","2":"[253,252,251,192,189]","indexSize":"15","pageSize":"10","indexName":"catList:139_0_parentDefault"}
08-25 14:41:00.707   1900   D   removeFromIndex:{"buildingTime":"0","1":"[275,271,192,251,272,189,282,273,270,278]","2":"[279,253,252,258,281,277]","indexSize":"16","pageSize":"10","indexName":"catList:139_0_parentHot"}
08-25 14:41:00.708   1900   D   removeFromIndex:{"buildingTime":"0","1":"[275,271,192,251,272,189,273,270,278,279]","2":"[253,252,258,281,277]","indexSize":"15","pageSize":"10","indexName":"catList:139_0_parentHot"}
08-25 14:41:00.709   1900   D   removeFromIndex:{"buildingTime":"0","1":"[282,281,279,278,277,273,272,271,270,258]","2":"[253,252,251,192,189]","indexSize":"15","pageSize":"10","indexName":"catList:139_189_subDefault"}
08-25 14:41:00.710   1900   D   removeFromIndex:{"buildingTime":"0","1":"[281,279,278,277,273,272,271,270,258,253]","2":"[252,251,192,189]","indexSize":"14","pageSize":"10","indexName":"catList:139_189_subDefault"}
08-25 14:41:00.711   1900   D   removeFromIndex:{"buildingTime":"0","1":"[292,285,284,282,276,266,264,253,247,189]","2":"[165,12]","indexSize":"12","pageSize":"10","indexName":"catList:18_0_parentDefault"}
08-25 14:41:00.712   1900   D   removeFromIndex:{"buildingTime":"0","1":"[292,285,284,276,266,264,253,247,189,165]","2":"[12]","indexSize":"11","pageSize":"10","indexName":"catList:18_0_parentDefault"}
08-25 14:41:00.712   1900   D   removeFromIndex:{"buildingTime":"0","1":"[285,165,189,282,266,284,247,253,264,292]","2":"[276,12]","indexSize":"12","pageSize":"10","indexName":"catList:18_0_parentHot"}
08-25 14:41:00.714   1900   D   removeFromIndex:{"buildingTime":"0","1":"[285,165,189,266,284,247,253,264,292,276]","2":"[12]","indexSize":"11","pageSize":"10","indexName":"catList:18_0_parentHot"}
08-25 14:41:00.714   1900   D   removeFromIndex:{"buildingTime":"0","1":"[285,282,189,165]","indexSize":"4","pageSize":"10","indexName":"catList:18_157_subDefault"}
08-25 14:41:00.715   1900   D   removeFromIndex:{"buildingTime":"0","1":"[285,189,165]","indexSize":"3","pageSize":"10","indexName":"catList:18_157_subDefault"}
08-25 14:41:00.716   1900   D   removeFromIndex:{"buildingTime":"0","1":"[283,282,272,292,161,288,281,264,290,234]","2":"[287,1,277,237,252,284,265,275,3,143]","3":"[120,113,285,286,278,23,279,268,280,45]","4":"[14,79,276,238,128,242,106,200,249,183]","5":"[256,240,251,41,66,273,57,271,270,267]","6":"[266,189,253,247,262,261,260,259,258,230]","7":"[192,64,130,257,255,244,165,254,205,188]","8":"[4,227,166,248,250,115,138,81,102,69]","9":"[107,243,246,245,76,142,212,146,241,114]","10":"[239,204,235,232,177,236,233,231,229,228]","indexSize":"193","pageSize":"10","11":"[112,156,226,216,221,202,160,162,211,209]","12":"[203,207,206,185,201,199,198,197,196,195]","13":"[194,193,186,191,178,190,187,184,182,164]","14":"[168,167,158,224,144,155,154,139,153,152]","15":"[98,25,145,118,125,147,217,141,133,218]","16":"[136,135,137,219,220,111,134,68,126,117]","17":"[96,80,78,67,103,101,109,110,5,8]","18":"[10,12,15,16,19,21,20,47,54,24]","19":"[56,28,49,50,108,55,131,99,222,223]","20":"[225,119,34]","indexName":"catList:100_0_gamesNew"}
08-25 14:41:00.718   1900   D   removeFromIndex:{"buildingTime":"0","1":"[283,272,292,161,288,281,264,290,234,287]","2":"[1,277,237,252,284,265,275,3,143,120]","3":"[113,285,286,278,23,279,268,280,45,14]","4":"[79,276,238,128,242,106,200,249,183,256]","5":"[240,251,41,66,273,57,271,270,267,266]","6":"[189,253,247,262,261,260,259,258,230,192]","7":"[64,130,257,255,244,165,254,205,188,4]","8":"[227,166,248,250,115,138,81,102,69,107]","9":"[243,246,245,76,142,212,146,241,114,239]","10":"[204,235,232,177,236,233,231,229,228,112]","indexSize":"192","pageSize":"10","11":"[156,226,216,221,202,160,162,211,209,203]","12":"[207,206,185,201,199,198,197,196,195,194]","13":"[193,186,191,178,190,187,184,182,164,168]","14":"[167,158,224,144,155,154,139,153,152,98]","15":"[25,145,118,125,147,217,141,133,218,136]","16":"[135,137,219,220,111,134,68,126,117,96]","17":"[80,78,67,103,101,109,110,5,8,10]","18":"[12,15,16,19,21,20,47,54,24,56]","19":"[28,49,50,108,55,131,99,222,223,225]","20":"[119,34]","indexName":"catList:100_0_gamesNew"}
08-25 14:41:00.719   1900   D   removeFromIndex:{"buildingTime":"0","1":"[245,113,275,56,217,271,225,76,224,154]","2":"[138,200,185,166,144,192,241,111,115,109]","3":"[251,137,194,272,107,141,255,147,165,98]","4":"[199,146,34,167,227,120,190,108,177,235]","5":"[221,106,187,246,234,1,156,256,188,143]","6":"[228,189,260,207,102,282,273,145,96,216]","7":"[280,184,114,220,19,23,266,205,135,243]","8":"[230,162,240,198,196,21,222,238,24,204]","9":"[50,203,168,211,133,270,136,278,193,236]","10":"[284,242,218,206,247,209,128,78,3,279]","indexSize":"193","pageSize":"10","11":"[253,232,158,183,249,239,250,155,254,252]","12":"[201,178,258,139,182,281,229,160,237,212]","13":"[54,267,265,259,283,277,231,264,257,80]","14":"[262,268,125,261,248,126,110,292,290,288]","15":"[287,286,285,276,244,233,226,223,219,202]","16":"[197,195,191,186,164,161,153,152,142,134]","17":"[131,130,119,118,117,112,103,101,99,81]","18":"[79,69,68,67,66,64,57,55,49,47]","19":"[45,41,28,25,20,16,15,14,12,10]","20":"[8,5,4]","indexName":"catList:100_0_gamesHot"}
08-25 14:41:00.721   1900   D   removeFromIndex:{"buildingTime":"0","1":"[245,113,275,56,217,271,225,76,224,154]","2":"[138,200,185,166,144,192,241,111,115,109]","3":"[251,137,194,272,107,141,255,147,165,98]","4":"[199,146,34,167,227,120,190,108,177,235]","5":"[221,106,187,246,234,1,156,256,188,143]","6":"[228,189,260,207,102,273,145,96,216,280]","7":"[184,114,220,19,23,266,205,135,243,230]","8":"[162,240,198,196,21,222,238,24,204,50]","9":"[203,168,211,133,270,136,278,193,236,284]","10":"[242,218,206,247,209,128,78,3,279,253]","indexSize":"192","pageSize":"10","11":"[232,158,183,249,239,250,155,254,252,201]","12":"[178,258,139,182,281,229,160,237,212,54]","13":"[267,265,259,283,277,231,264,257,80,262]","14":"[268,125,261,248,126,110,292,290,288,287]","15":"[286,285,276,244,233,226,223,219,202,197]","16":"[195,191,186,164,161,153,152,142,134,131]","17":"[130,119,118,117,112,103,101,99,81,79]","18":"[69,68,67,66,64,57,55,49,47,45]","19":"[41,28,25,20,16,15,14,12,10,8]","20":"[5,4]","indexName":"catList:100_0_gamesHot"}
08-25 14:41:24.705   1905   D   removeFromIndex:{"buildingTime":"0","1":"[282,281,279,278,277,275,273,272,271,270]","2":"[258,253,252,251,192,189]","indexSize":"16","pageSize":"10","indexName":"catList:139_0_parentDefault"}
08-25 14:41:24.706   1905   D   removeFromIndex:{"buildingTime":"0","1":"[281,279,278,277,275,273,272,271,270,258]","2":"[253,252,251,192,189]","indexSize":"15","pageSize":"10","indexName":"catList:139_0_parentDefault"}
08-25 14:41:24.707   1905   D   removeFromIndex:{"buildingTime":"0","1":"[275,271,192,251,272,189,282,273,270,278]","2":"[279,253,252,258,281,277]","indexSize":"16","pageSize":"10","indexName":"catList:139_0_parentHot"}
08-25 14:41:24.708   1905   D   removeFromIndex:{"buildingTime":"0","1":"[275,271,192,251,272,189,273,270,278,279]","2":"[253,252,258,281,277]","indexSize":"15","pageSize":"10","indexName":"catList:139_0_parentHot"}
08-25 14:41:24.709   1905   D   removeFromIndex:{"buildingTime":"0","1":"[282,281,279,278,277,273,272,271,270,258]","2":"[253,252,251,192,189]","indexSize":"15","pageSize":"10","indexName":"catList:139_189_subDefault"}
08-25 14:41:24.710   1905   D   removeFromIndex:{"buildingTime":"0","1":"[281,279,278,277,273,272,271,270,258,253]","2":"[252,251,192,189]","indexSize":"14","pageSize":"10","indexName":"catList:139_189_subDefault"}
08-25 14:41:24.711   1905   D   removeFromIndex:{"buildingTime":"0","1":"[292,285,284,282,276,266,264,253,247,189]","2":"[165,12]","indexSize":"12","pageSize":"10","indexName":"catList:18_0_parentDefault"}
08-25 14:41:24.712   1905   D   removeFromIndex:{"buildingTime":"0","1":"[292,285,284,276,266,264,253,247,189,165]","2":"[12]","indexSize":"11","pageSize":"10","indexName":"catList:18_0_parentDefault"}
08-25 14:41:24.713   1905   D   removeFromIndex:{"buildingTime":"0","1":"[285,165,189,282,266,284,247,253,264,292]","2":"[276,12]","indexSize":"12","pageSize":"10","indexName":"catList:18_0_parentHot"}
08-25 14:41:24.714   1905   D   removeFromIndex:{"buildingTime":"0","1":"[285,165,189,266,284,247,253,264,292,276]","2":"[12]","indexSize":"11","pageSize":"10","indexName":"catList:18_0_parentHot"}
08-25 14:41:24.714   1905   D   removeFromIndex:{"buildingTime":"0","1":"[285,282,189,165]","indexSize":"4","pageSize":"10","indexName":"catList:18_157_subDefault"}
08-25 14:41:24.715   1905   D   removeFromIndex:{"buildingTime":"0","1":"[285,189,165]","indexSize":"3","pageSize":"10","indexName":"catList:18_157_subDefault"}
08-25 14:41:24.716   1905   D   removeFromIndex:{"buildingTime":"0","1":"[283,282,272,292,161,288,281,264,290,234]","2":"[287,1,277,237,252,284,265,275,3,143]","3":"[120,113,285,286,278,23,279,268,280,45]","4":"[14,79,276,238,128,242,106,200,249,183]","5":"[256,240,251,41,66,273,57,271,270,267]","6":"[266,189,253,247,262,261,260,259,258,230]","7":"[192,64,130,257,255,244,165,254,205,188]","8":"[4,227,166,248,250,115,138,81,102,69]","9":"[107,243,246,245,76,142,212,146,241,114]","10":"[239,204,235,232,177,236,233,231,229,228]","indexSize":"193","pageSize":"10","11":"[112,156,226,216,221,202,160,162,211,209]","12":"[203,207,206,185,201,199,198,197,196,195]","13":"[194,193,186,191,178,190,187,184,182,164]","14":"[168,167,158,224,144,155,154,139,153,152]","15":"[98,25,145,118,125,147,217,141,133,218]","16":"[136,135,137,219,220,111,134,68,126,117]","17":"[96,80,78,67,103,101,109,110,5,8]","18":"[10,12,15,16,19,21,20,47,54,24]","19":"[56,28,49,50,108,55,131,99,222,223]","20":"[225,119,34]","indexName":"catList:100_0_gamesNew"}
08-25 14:41:24.718   1905   D   removeFromIndex:{"buildingTime":"0","1":"[283,272,292,161,288,281,264,290,234,287]","2":"[1,277,237,252,284,265,275,3,143,120]","3":"[113,285,286,278,23,279,268,280,45,14]","4":"[79,276,238,128,242,106,200,249,183,256]","5":"[240,251,41,66,273,57,271,270,267,266]","6":"[189,253,247,262,261,260,259,258,230,192]","7":"[64,130,257,255,244,165,254,205,188,4]","8":"[227,166,248,250,115,138,81,102,69,107]","9":"[243,246,245,76,142,212,146,241,114,239]","10":"[204,235,232,177,236,233,231,229,228,112]","indexSize":"192","pageSize":"10","11":"[156,226,216,221,202,160,162,211,209,203]","12":"[207,206,185,201,199,198,197,196,195,194]","13":"[193,186,191,178,190,187,184,182,164,168]","14":"[167,158,224,144,155,154,139,153,152,98]","15":"[25,145,118,125,147,217,141,133,218,136]","16":"[135,137,219,220,111,134,68,126,117,96]","17":"[80,78,67,103,101,109,110,5,8,10]","18":"[12,15,16,19,21,20,47,54,24,56]","19":"[28,49,50,108,55,131,99,222,223,225]","20":"[119,34]","indexName":"catList:100_0_gamesNew"}
08-25 14:41:24.719   1905   D   removeFromIndex:{"buildingTime":"0","1":"[245,113,275,56,217,271,225,76,224,154]","2":"[138,200,185,166,144,192,241,111,115,109]","3":"[251,137,194,272,107,141,255,147,165,98]","4":"[199,146,34,167,227,120,190,108,177,235]","5":"[221,106,187,246,234,1,156,256,188,143]","6":"[228,189,260,207,102,282,273,145,96,216]","7":"[280,184,114,220,19,23,266,205,135,243]","8":"[230,162,240,198,196,21,222,238,24,204]","9":"[50,203,168,211,133,270,136,278,193,236]","10":"[284,242,218,206,247,209,128,78,3,279]","indexSize":"193","pageSize":"10","11":"[253,232,158,183,249,239,250,155,254,252]","12":"[201,178,258,139,182,281,229,160,237,212]","13":"[54,267,265,259,283,277,231,264,257,80]","14":"[262,268,125,261,248,126,110,292,290,288]","15":"[287,286,285,276,244,233,226,223,219,202]","16":"[197,195,191,186,164,161,153,152,142,134]","17":"[131,130,119,118,117,112,103,101,99,81]","18":"[79,69,68,67,66,64,57,55,49,47]","19":"[45,41,28,25,20,16,15,14,12,10]","20":"[8,5,4]","indexName":"catList:100_0_gamesHot"}
08-25 14:41:24.721   1905   D   removeFromIndex:{"buildingTime":"0","1":"[245,113,275,56,217,271,225,76,224,154]","2":"[138,200,185,166,144,192,241,111,115,109]","3":"[251,137,194,272,107,141,255,147,165,98]","4":"[199,146,34,167,227,120,190,108,177,235]","5":"[221,106,187,246,234,1,156,256,188,143]","6":"[228,189,260,207,102,273,145,96,216,280]","7":"[184,114,220,19,23,266,205,135,243,230]","8":"[162,240,198,196,21,222,238,24,204,50]","9":"[203,168,211,133,270,136,278,193,236,284]","10":"[242,218,206,247,209,128,78,3,279,253]","indexSize":"192","pageSize":"10","11":"[232,158,183,249,239,250,155,254,252,201]","12":"[178,258,139,182,281,229,160,237,212,54]","13":"[267,265,259,283,277,231,264,257,80,262]","14":"[268,125,261,248,126,110,292,290,288,287]","15":"[286,285,276,244,233,226,223,219,202,197]","16":"[195,191,186,164,161,153,152,142,134,131]","17":"[130,119,118,117,112,103,101,99,81,79]","18":"[69,68,67,66,64,57,55,49,47,45]","19":"[41,28,25,20,16,15,14,12,10,8]","20":"[5,4]","indexName":"catList:100_0_gamesHot"}
